  PID %CPU
 1324  5.2
 3134  1.5
 1699  0.7
  907  0.6
  710  0.4
 1125  0.4
 1113  0.3
    1  0.1
  705  0.1
 1704  0.1
    2  0.0
    3  0.0
    4  0.0
    8  0.0
    9  0.0
   10  0.0
   11  0.0
   12  0.0
   13  0.0
   14  0.0
   16  0.0
   17  0.0
   18  0.0
   19  0.0
   20  0.0
   21  0.0
   23  0.0
   24  0.0
   25  0.0
   26  0.0
   27  0.0
   28  0.0
   31  0.0
   32  0.0
   33  0.0
   34  0.0
   35  0.0
   36  0.0
   38  0.0
   39  0.0
   40  0.0
   41  0.0
   44  0.0
   45  0.0
   46  0.0
   47  0.0
   48  0.0
   49  0.0
   50  0.0
   51  0.0
   52  0.0
   54  0.0
   56  0.0
   57  0.0
   58  0.0
  143  0.0
  144  0.0
  145  0.0
  146  0.0
  147  0.0
  148  0.0
  159  0.0
  175  0.0
  223  0.0
  224  0.0
  225  0.0
  226  0.0
  227  0.0
  235  0.0
  245  0.0
  248  0.0
  251  0.0
  252  0.0
  257  0.0
  273  0.0
  285  0.0
  288  0.0
  289  0.0
  290  0.0
  345  0.0
  346  0.0
  348  0.0
  350  0.0
  386  0.0
  420  0.0
  441  0.0
  477  0.0
  495  0.0
  503  0.0
  504  0.0
  511  0.0
  708  0.0
  709  0.0
  711  0.0
  724  0.0
  727  0.0
  763  0.0
  790  0.0
  792  0.0
  798  0.0
  852  0.0
  857  0.0
  950  0.0
  955  0.0
 1107  0.0
 1108  0.0
 1270  0.0
 1276  0.0
 1277  0.0
 1285  0.0
 1289  0.0
 1291  0.0
 1293  0.0
 1345  0.0
 1350  0.0
 1363  0.0
 1377  0.0
 1383  0.0
 1385  0.0
 1394  0.0
 1398  0.0
 1404  0.0
 1405  0.0
 1416  0.0
 1420  0.0
 1426  0.0
 1430  0.0
 1433  0.0
 1445  0.0
 1449  0.0
 1453  0.0
 1457  0.0
 1458  0.0
 1460  0.0
 1464  0.0
 1465  0.0
 1468  0.0
 1473  0.0
 1475  0.0
 1476  0.0
 1479  0.0
 1480  0.0
 1481  0.0
 1484  0.0
 1486  0.0
 1492  0.0
 1493  0.0
 1494  0.0
 1496  0.0
 1522  0.0
 1528  0.0
 1538  0.0
 1539  0.0
 1629  0.0
 1633  0.0
 1642  0.0
 2383  0.0
 2754  0.0
 3171  0.0
 3224  0.0
 3267  0.0
 3292  0.0
 3372  0.0
 3842  0.0
 3858  0.0
 5038  0.0
 5061  0.0
 5247  0.0
 5248  0.0
 5516  0.0
 5546  0.0
 5723  0.0
 5939  0.0
 5940  0.0
